[MCTS_TicketToRide.PlayerType.big, MCTS_TicketToRide.PlayerType.random, MCTS_TicketToRide.PlayerType.mcts(500, 0.85)]
[9, 4, 37]
[245.09787893295288, 255.99342894554138, 257.86778593063354, 240.32875096797943, 244.4876470565796, 241.57629191875458, 240.81788003444672, 247.58882200717926, 237.87969505786896, 252.99331903457642, 260.41740691661835, 258.52611100673676, 250.50378596782684, 241.13669908046722, 225.43126094341278, 263.69941902160645, 252.1470569372177, 234.54899394512177, 252.75741505622864, 251.0174299478531, 248.25772106647491, 242.6901080608368, 240.1032350063324, 251.50338101387024, 229.1021820306778, 253.02370405197144, 241.2282019853592, 232.31866705417633, 234.29677391052246, 254.6947330236435, 265.12633204460144, 248.48860895633698, 245.46069598197937, 252.3041309118271, 254.56942200660706, 229.1828830242157, 238.03203201293945, 247.62615501880646, 256.73894000053406, 248.51581001281738, 274.8564670085907, 247.05306196212769, 219.30830001831055, 248.266744017601, 257.70691299438477, 258.05712890625, 250.30181992053986, 222.44243395328522, 249.48260307312012, 250.43159198760986]
[MCTS_TicketToRide.PlayerType.big, MCTS_TicketToRide.PlayerType.random, MCTS_TicketToRide.PlayerType.mcts(500, 0.9)]
[7, 9, 34]
[237.48777902126312, 236.75236892700195, 248.59485590457916, 278.82416093349457, 234.1140480041504, 248.2290539741516, 264.04034399986267, 246.46399199962616, 268.00382697582245, 252.77092909812927, 259.4654520750046, 254.82153189182281, 237.85391700267792, 273.1628860235214, 251.19037294387817, 252.05451798439026, 258.25927197933197, 236.39253902435303, 254.12843108177185, 241.2555559873581, 251.07888102531433, 250.038969039917, 260.83727991580963, 249.95313203334808, 262.5343259572983, 264.1290600299835, 245.46189105510712, 256.2338169813156, 232.8770340681076, 282.9221820831299, 256.13918602466583, 255.52107989788055, 233.54814791679382, 239.03074097633362, 239.40865397453308, 248.04193997383118, 244.74957394599915, 274.1801290512085, 247.4936330318451, 244.2829760313034, 249.7332980632782, 247.12714004516602, 247.18840301036835, 244.82558500766754, 255.99719095230103, 253.64923000335693, 245.80751299858093, 273.3440879583359, 244.35330390930176, 232.05010402202606]
[MCTS_TicketToRide.PlayerType.big, MCTS_TicketToRide.PlayerType.random, MCTS_TicketToRide.PlayerType.mcts(500, 0.95)]
[6, 8, 36]
[251.80620396137238, 244.6832389831543, 237.55647194385529, 242.21274602413177, 231.1589390039444, 252.96249294281006, 259.47393798828125, 244.8020020723343, 252.40903997421265, 246.47430300712585, 264.9459730386734, 247.35196995735168, 247.55455899238586, 242.01490199565887, 237.85530495643616, 256.63261103630066, 249.9552960395813, 261.5072069168091, 236.16679298877716, 243.52339506149292, 269.90216505527496, 242.08713495731354, 242.04420804977417, 258.3756949901581, 246.31905603408813, 259.4980620145798, 266.9975060224533, 239.99240708351135, 232.2039510011673, 244.9631689786911, 264.9077229499817, 240.31620299816132, 253.68244397640228, 266.9624549150467, 256.08836793899536, 260.85149705410004, 237.38864398002625, 244.23625600337982, 252.3058830499649, 271.4388679265976, 230.05519592761993, 252.84956204891205, 236.62195491790771, 243.2231469154358, 251.58283710479736, 231.36987602710724, 253.21714401245117, 245.2581239938736, 252.26392698287964, 250.02699398994446]
[MCTS_TicketToRide.PlayerType.big, MCTS_TicketToRide.PlayerType.random, MCTS_TicketToRide.PlayerType.mcts(500, 1.0)]
[4, 6, 40]
[247.28903198242188, 252.64601802825928, 238.0284869670868, 224.24641299247742, 239.60508596897125, 238.70155894756317, 252.38789796829224, 263.2282589673996, 237.664745926857, 229.25295102596283, 245.34328508377075, 252.35916197299957, 245.95941603183746, 261.05577206611633, 238.28787505626678, 249.24981892108917, 234.1768560409546, 269.37441301345825, 247.7512389421463, 257.9316350221634, 256.4180589914322, 277.2128369808197, 254.8912000656128, 255.3828979730606, 259.1572149991989, 272.1433689594269, 242.48717892169952, 265.449049949646, 269.7736690044403, 249.5045429468155, 277.87010300159454, 226.04936003684998, 256.2286260128021, 261.56849002838135, 268.8404860496521, 269.0213609933853, 275.0987640619278, 234.0897899866104, 227.99927699565887, 253.64650404453278, 277.63788199424744, 297.2700239419937, 310.63972306251526, 283.1760059595108, 302.21023297309875, 299.64236891269684, 257.53924798965454, 294.95950293540955, 267.1798930168152, 263.9028300046921]
